n=4
 count=199
#1
0 1
0 2
0 3
1 0
1 2
1 3
2 0
2 1
2 3
3 0
3 1
3 2
#2
0 2
0 3
1 0
1 2
1 3
2 0
2 1
2 3
3 0
3 1
3 2
#3
0 3
1 0
1 2
1 3
2 0
2 1
2 3
3 0
3 1
3 2
#4
1 0
1 2
1 3
2 0
2 1
2 3
3 0
3 1
3 2
#5
1 2
1 3
2 0
2 1
2 3
3 0
3 1
3 2
#6
1 3
2 0
2 1
2 3
3 0
3 1
3 2
#7
2 0
2 1
2 3
3 0
3 1
3 2
#8
2 1
2 3
3 0
3 1
3 2
#9
2 3
3 0
3 1
3 2
#10
3 0
3 1
3 2
#11
2 3
3 0
3 1
#12
2 1
3 0
3 1
3 2
#13
2 1
3 0
3 2
#14
2 1
3 0
3 1
#15
2 1
2 3
3 0
3 2
#16
2 1
2 3
3 0
3 1
#17
2 0
2 1
3 0
3 1
3 2
#18
2 0
2 1
3 0
3 1
#19
1 3
2 1
2 3
3 0
3 1
3 2
#20
1 3
2 3
3 0
3 1
3 2
#21
1 3
2 3
3 0
3 2
#22
1 3
2 3
3 0
#23
1 3
2 1
3 0
3 1
3 2
#24
1 3
2 1
3 0
3 2
#25
1 3
2 1
3 0
#26
1 3
2 1
3 0
3 1
#27
1 3
2 1
2 3
3 0
3 2
#28
1 3
2 1
2 3
3 0
#29
1 3
2 1
2 3
3 0
3 1
#30
1 3
2 0
2 3
3 0
3 1
3 2
#31
1 3
2 0
3 0
3 1
3 2
#32
1 3
2 0
3 1
3 2
#33
1 3
2 0
3 0
3 2
#34
1 3
2 0
3 0
#35
1 3
2 0
3 0
3 1
#36
1 3
2 0
2 3
3 1
3 2
#37
1 3
2 0
2 3
3 1
#38
1 3
2 0
2 3
3 0
3 2
#39
1 3
2 0
2 3
3 0
#40
1 3
2 0
2 3
3 0
3 1
#41
1 3
2 0
2 1
3 0
3 1
3 2
#42
1 3
2 0
2 1
3 1
3 2
#43
1 3
2 0
2 1
3 0
3 2
#44
1 3
2 0
2 1
3 0
#45
1 3
2 0
2 1
3 0
3 1
#46
1 3
2 0
2 1
2 3
3 1
3 2
#47
1 3
2 0
2 1
2 3
3 1
#48
1 3
2 0
2 1
2 3
3 0
3 2
#49
1 3
2 0
2 1
2 3
3 0
#50
1 3
2 0
2 1
2 3
3 0
3 1
#51
1 2
1 3
2 1
2 3
3 0
3 1
3 2
#52
1 2
1 3
2 1
2 3
3 0
3 2
#53
1 2
1 3
2 1
2 3
3 0
#54
1 2
1 3
2 0
2 3
3 0
3 1
3 2
#55
1 2
1 3
2 0
3 0
3 1
3 2
#56
1 2
1 3
2 0
3 0
3 2
#57
1 2
1 3
2 0
3 0
#58
1 2
1 3
2 0
3 0
3 1
#59
1 2
1 3
2 0
2 3
3 0
3 2
#60
1 2
1 3
2 0
2 3
3 0
3 1
#61
1 2
1 3
2 0
2 1
3 0
3 1
3 2
#62
1 2
1 3
2 0
2 1
3 0
3 1
#63
1 0
1 3
2 0
2 1
2 3
3 0
3 1
3 2
#64
1 0
2 0
2 1
2 3
3 0
3 1
3 2
#65
1 0
2 0
2 3
3 0
3 1
3 2
#66
1 0
2 0
3 0
3 1
3 2
#67
1 0
2 0
3 0
3 2
#68
1 0
2 0
3 0
#69
1 0
2 0
2 3
3 0
3 2
#70
1 0
2 0
2 3
3 0
3 1
#71
1 0
2 0
2 1
3 0
3 1
3 2
#72
1 0
2 0
2 1
3 0
3 1
#73
1 0
1 3
2 0
2 3
3 0
3 1
3 2
#74
1 0
1 3
2 0
2 3
3 0
3 2
#75
1 0
1 3
2 0
2 1
3 0
3 1
3 2
#76
1 0
1 3
2 0
2 1
3 0
3 2
#77
1 0
1 3
2 0
2 1
2 3
3 0
3 1
#78
0 3
1 2
1 3
2 0
2 1
2 3
3 0
3 1
3 2
#79
0 3
1 3
2 0
2 1
2 3
3 0
3 1
3 2
#80
0 3
1 3
2 1
2 3
3 0
3 1
3 2
#81
0 3
1 3
2 3
3 0
3 1
3 2
#82
0 3
1 3
2 3
3 1
3 2
#83
0 3
1 3
2 3
3 2
#84
0 3
1 3
2 1
3 0
3 1
3 2
#85
0 3
1 3
2 1
3 1
3 2
#86
0 3
1 3
2 1
3 2
#87
0 3
1 3
2 1
3 1
#88
0 3
1 3
2 1
3 0
3 2
#89
0 3
1 3
2 1
3 0
#90
0 3
1 3
2 1
3 0
3 1
#91
0 3
1 3
2 1
2 3
3 1
3 2
#92
0 3
1 3
2 1
2 3
3 2
#93
0 3
1 3
2 1
2 3
3 1
#94
0 3
1 3
2 1
2 3
3 0
3 2
#95
0 3
1 3
2 1
2 3
3 0
#96
0 3
1 3
2 1
2 3
3 0
3 1
#97
0 3
1 3
2 0
2 1
3 0
3 1
3 2
#98
0 3
1 3
2 0
2 1
3 1
3 2
#99
0 3
1 3
2 0
2 1
3 2
#100
0 3
1 3
2 0
2 1
3 1
#101
0 3
1 3
2 0
2 1
3 0
3 1
#102
0 3
1 3
2 0
2 1
2 3
3 1
3 2
#103
0 3
1 3
2 0
2 1
2 3
3 2
#104
0 3
1 3
2 0
2 1
2 3
3 1
#105
0 3
1 3
2 0
2 1
2 3
3 0
3 1
#106
0 3
1 2
2 0
2 1
2 3
3 0
3 1
3 2
#107
0 3
1 2
2 1
2 3
3 0
3 1
3 2
#108
0 3
1 2
2 1
3 0
3 1
3 2
#109
0 3
1 2
2 1
3 1
3 2
#110
0 3
1 2
2 1
3 0
3 2
#111
0 3
1 2
2 1
2 3
3 1
3 2
#112
0 3
1 2
2 1
2 3
3 1
#113
0 3
1 2
2 1
2 3
3 0
3 2
#114
0 3
1 2
2 1
2 3
3 0
3 1
#115
0 3
1 2
2 0
2 3
3 0
3 1
3 2
#116
0 3
1 2
2 0
3 0
3 1
3 2
#117
0 3
1 2
2 0
3 1
3 2
#118
0 3
1 2
2 0
3 1
#119
0 3
1 2
2 0
3 0
3 1
#120
0 3
1 2
2 0
2 3
3 1
3 2
#121
0 3
1 2
2 0
2 3
3 0
3 1
#122
0 3
1 2
2 0
2 1
3 0
3 1
3 2
#123
0 3
1 2
2 0
2 1
3 0
3 1
#124
0 3
1 2
1 3
2 1
2 3
3 0
3 1
3 2
#125
0 3
1 2
1 3
2 1
2 3
3 1
3 2
#126
0 3
1 2
1 3
2 1
2 3
3 2
#127
0 3
1 2
1 3
2 1
2 3
3 0
3 2
#128
0 3
1 2
1 3
2 1
2 3
3 0
#129
0 3
1 2
1 3
2 0
2 3
3 0
3 1
3 2
#130
0 3
1 2
1 3
2 0
3 0
3 1
3 2
#131
0 3
1 2
1 3
2 0
3 1
3 2
#132
0 3
1 2
1 3
2 0
3 2
#133
0 3
1 2
1 3
2 0
3 0
3 2
#134
0 3
1 2
1 3
2 0
3 0
3 1
#135
0 3
1 2
1 3
2 0
2 3
3 1
3 2
#136
0 3
1 2
1 3
2 0
2 3
3 2
#137
0 3
1 2
1 3
2 0
2 3
3 1
#138
0 3
1 2
1 3
2 0
2 3
3 0
3 2
#139
0 3
1 2
1 3
2 0
2 3
3 0
#140
0 3
1 2
1 3
2 0
2 3
3 0
3 1
#141
0 3
1 2
1 3
2 0
2 1
3 0
3 1
3 2
#142
0 3
1 2
1 3
2 0
2 1
3 1
3 2
#143
0 3
1 2
1 3
2 0
2 1
3 2
#144
0 3
1 2
1 3
2 0
2 1
3 0
3 2
#145
0 3
1 2
1 3
2 0
2 1
3 0
#146
0 3
1 2
1 3
2 0
2 1
3 0
3 1
#147
0 3
1 2
1 3
2 0
2 1
2 3
3 1
3 2
#148
0 3
1 2
1 3
2 0
2 1
2 3
3 2
#149
0 3
1 2
1 3
2 0
2 1
2 3
3 1
#150
0 3
1 2
1 3
2 0
2 1
2 3
3 0
3 2
#151
0 3
1 2
1 3
2 0
2 1
2 3
3 0
#152
0 3
1 2
1 3
2 0
2 1
2 3
3 0
3 1
#153
0 3
1 0
1 3
2 0
2 1
2 3
3 0
3 1
3 2
#154
0 3
1 0
2 0
2 1
2 3
3 0
3 1
3 2
#155
0 3
1 0
2 0
2 1
3 0
3 1
3 2
#156
0 3
1 0
2 0
2 1
3 1
3 2
#157
0 3
1 0
2 0
2 1
3 0
3 1
#158
0 3
1 0
2 0
2 1
2 3
3 1
3 2
#159
0 3
1 0
2 0
2 1
2 3
3 1
#160
0 3
1 0
2 0
2 1
2 3
3 0
3 1
#161
0 3
1 0
1 3
2 0
2 3
3 0
3 1
3 2
#162
0 3
1 0
1 3
2 0
2 3
3 1
3 2
#163
0 3
1 0
1 3
2 0
2 3
3 0
3 2
#164
0 3
1 0
1 3
2 0
2 3
3 0
#165
0 3
1 0
1 3
2 0
2 1
3 0
3 1
3 2
#166
0 3
1 0
1 3
2 0
2 1
3 1
3 2
#167
0 3
1 0
1 3
2 0
2 1
3 0
3 2
#168
0 3
1 0
1 3
2 0
2 1
3 0
3 1
#169
0 3
1 0
1 3
2 0
2 1
2 3
3 1
3 2
#170
0 3
1 0
1 3
2 0
2 1
2 3
3 0
3 2
#171
0 3
1 0
1 3
2 0
2 1
2 3
3 0
#172
0 3
1 0
1 3
2 0
2 1
2 3
3 0
3 1
#173
0 3
1 0
1 2
2 0
2 1
2 3
3 0
3 1
3 2
#174
0 3
1 0
1 2
2 0
2 1
3 0
3 1
3 2
#175
0 3
1 0
1 2
2 0
2 1
3 1
3 2
#176
0 3
1 0
1 2
2 0
2 1
3 0
3 2
#177
0 3
1 0
1 2
2 0
2 1
2 3
3 1
3 2
#178
0 3
1 0
1 2
2 0
2 1
2 3
3 0
3 2
#179
0 3
1 0
1 2
2 0
2 1
2 3
3 0
3 1
#180
0 3
1 0
1 2
1 3
2 0
2 1
2 3
3 1
3 2
#181
0 3
1 0
1 2
1 3
2 0
2 1
2 3
3 0
3 2
#182
0 3
1 0
1 2
1 3
2 0
2 1
2 3
3 0
#183
0 2
0 3
1 2
1 3
2 0
2 1
2 3
3 0
3 1
3 2
#184
0 2
0 3
1 2
1 3
2 1
2 3
3 0
3 1
3 2
#185
0 2
0 3
1 2
1 3
2 1
2 3
3 1
3 2
#186
0 2
0 3
1 2
1 3
2 1
2 3
3 0
3 2
#187
0 2
0 3
1 2
1 3
2 1
2 3
3 0
3 1
#188
0 2
0 3
1 2
1 3
2 0
2 1
3 0
3 1
3 2
#189
0 2
0 3
1 2
1 3
2 0
2 1
3 0
3 1
#190
0 2
0 3
1 0
1 3
2 0
2 1
2 3
3 0
3 1
3 2
#191
0 2
0 3
1 0
1 3
2 1
2 3
3 0
3 1
3 2
#192
0 2
0 3
1 0
1 3
2 1
2 3
3 1
3 2
#193
0 2
0 3
1 0
1 3
2 0
2 1
3 0
3 1
3 2
#194
0 2
0 3
1 0
1 3
2 0
2 1
3 1
3 2
#195
0 2
0 3
1 0
1 3
2 0
2 1
2 3
3 0
3 2
#196
0 2
0 3
1 0
1 3
2 0
2 1
2 3
3 0
3 1
#197
0 2
0 3
1 0
1 2
1 3
2 0
2 3
3 0
3 1
3 2
#198
0 2
0 3
1 0
1 2
1 3
2 0
2 3
3 0
3 2
#199
0 2
0 3
1 0
1 2
1 3
2 0
2 1
3 0
3 1
3 2
